0 1 29.46 
0 2 81.90 
0 3 26.02 
0 4 39.69 
0 5 44.63 
0 6 83.56 
0 7 86.96 
0 8 88.76 
0 9 12.65 
0 10 36.69 
0 11 81.67 
0 12 68.47 
0 13 60.50 
0 14 36.15 
0 15 7.29 
0 16 24.78 
0 17 60.65 
0 18 97.68 
0 19 66.64 
0 20 55.60 
0 21 4.24 
0 22 98.15 
0 23 61.50 
0 24 4.51 
0 25 70.93 
0 26 36.31 
0 27 72.21 
0 28 99.69 
0 29 76.82 
0 30 82.03 
0 31 84.75 
0 32 6.28 
0 33 63.92 
0 34 10.77 
0 35 45.97 
0 36 8.56 
0 37 94.33 
0 38 32.93 
0 39 97.32 
0 40 6.98 
0 41 69.62 
0 42 78.99 
0 43 75.45 
0 44 30.12 
0 45 15.14 
0 46 82.74 
0 47 54.90 
0 48 75.79 
0 49 80.42 
1 2 21.54 
1 3 31.39 
1 4 84.66 
1 5 19.69 
1 6 92.90 
1 7 89.17 
1 8 90.62 
1 9 29.21 
1 10 61.38 
1 11 90.31 
1 12 6.03 
1 13 43.41 
1 14 75.05 
1 15 12.31 
1 16 7.33 
1 17 85.82 
1 18 58.28 
1 19 15.89 
1 20 80.16 
1 21 91.20 
1 22 13.21 
1 23 87.14 
1 24 60.82 
1 25 92.20 
1 26 62.59 
1 27 90.94 
1 28 7.35 
1 29 45.33 
1 30 45.84 
1 31 83.14 
1 32 25.75 
1 33 67.38 
1 34 14.53 
1 35 10.40 
1 36 87.07 
1 37 7.43 
1 38 99.57 
1 39 77.70 
1 40 36.64 
1 41 60.95 
1 42 68.01 
1 43 42.67 
1 44 4.35 
1 45 43.06 
1 46 54.98 
1 47 11.68 
1 48 28.88 
1 49 13.26 
2 3 27.57 
2 4 9.04 
2 5 4.46 
2 6 40.79 
2 7 96.18 
2 8 65.28 
2 9 32.99 
2 10 58.76 
2 11 56.23 
2 12 40.33 
2 13 4.09 
2 14 2.07 
2 15 23.47 
2 16 29.84 
2 17 69.45 
2 18 38.01 
2 19 40.24 
2 20 56.53 
2 21 45.44 
2 22 39.81 
2 23 34.22 
2 24 82.08 
2 25 0.76 
2 26 2.23 
2 27 24.76 
2 28 5.11 
2 29 45.29 
2 30 79.74 
2 31 16.80 
2 32 74.17 
2 33 92.99 
2 34 44.37 
2 35 83.21 
2 36 97.46 
2 37 85.16 
2 38 79.39 
2 39 62.74 
2 40 18.15 
2 41 38.15 
2 42 18.97 
2 43 58.48 
2 44 42.24 
2 45 21.03 
2 46 81.96 
2 47 72.08 
2 48 90.49 
2 49 19.97 
3 4 12.32 
3 5 47.01 
3 6 65.40 
3 7 52.13 
3 8 81.23 
3 9 47.49 
3 10 52.89 
3 11 83.46 
3 12 72.24 
3 13 58.00 
3 14 28.75 
3 15 51.98 
3 16 74.80 
3 17 2.92 
3 18 44.97 
3 19 19.18 
3 20 86.13 
3 21 42.43 
3 22 4.34 
3 23 65.51 
3 24 5.17 
3 25 22.49 
3 26 3.66 
3 27 24.14 
3 28 80.97 
3 29 45.90 
3 30 45.17 
3 31 62.93 
3 32 17.98 
3 33 35.66 
3 34 82.90 
3 35 30.30 
3 36 82.67 
3 37 48.30 
3 38 82.43 
3 39 63.90 
3 40 95.78 
3 41 35.32 
3 42 47.36 
3 43 68.03 
3 44 93.32 
3 45 76.11 
3 46 20.01 
3 47 68.13 
3 48 79.03 
3 49 64.98 
4 5 87.31 
4 6 65.15 
4 7 7.41 
4 8 91.65 
4 9 30.67 
4 10 12.58 
4 11 14.13 
4 12 34.33 
4 13 36.71 
4 14 95.10 
4 15 80.24 
4 16 81.88 
4 17 58.03 
4 18 98.22 
4 19 17.54 
4 20 40.93 
4 21 28.52 
4 22 0.21 
4 23 89.23 
4 24 10.95 
4 25 64.11 
4 26 85.01 
4 27 46.27 
4 28 11.47 
4 29 53.04 
4 30 39.60 
4 31 87.57 
4 32 73.04 
4 33 7.72 
4 34 66.60 
4 35 38.02 
4 36 95.03 
4 37 31.75 
4 38 45.43 
4 39 86.68 
4 40 62.42 
4 41 58.00 
4 42 0.81 
4 43 96.75 
4 44 94.72 
4 45 95.91 
4 46 76.99 
4 47 76.60 
4 48 53.95 
4 49 75.21 
5 6 94.14 
5 7 94.88 
5 8 3.73 
5 9 94.34 
5 10 84.11 
5 11 14.68 
5 12 58.45 
5 13 69.12 
5 14 60.96 
5 15 69.91 
5 16 22.16 
5 17 0.55 
5 18 57.49 
5 19 95.21 
5 20 8.28 
5 21 24.08 
5 22 33.23 
5 23 3.31 
5 24 55.84 
5 25 78.66 
5 26 89.99 
5 27 18.26 
5 28 36.66 
5 29 90.80 
5 30 15.01 
5 31 31.38 
5 32 86.71 
5 33 92.00 
5 34 7.97 
5 35 40.66 
5 36 67.22 
5 37 2.11 
5 38 35.54 
5 39 70.95 
5 40 96.45 
5 41 19.65 
5 42 85.63 
5 43 54.90 
5 44 88.77 
5 45 46.59 
5 46 24.81 
5 47 10.93 
5 48 47.14 
5 49 82.29 
6 7 6.14 
6 8 55.42 
6 9 6.38 
6 10 39.36 
6 11 58.72 
6 12 62.22 
6 13 18.02 
6 14 48.71 
6 15 80.47 
6 16 54.68 
6 17 39.51 
6 18 95.49 
6 19 86.06 
6 20 26.22 
6 21 87.49 
6 22 94.03 
6 23 66.88 
6 24 54.70 
6 25 96.14 
6 26 2.42 
6 27 25.65 
6 28 92.59 
6 29 22.06 
6 30 11.28 
6 31 47.49 
6 32 10.83 
6 33 57.87 
6 34 72.30 
6 35 21.76 
6 36 5.01 
6 37 54.59 
6 38 27.90 
6 39 60.43 
6 40 60.97 
6 41 67.26 
6 42 19.15 
6 43 23.19 
6 44 85.28 
6 45 67.86 
6 46 3.66 
6 47 39.96 
6 48 7.37 
6 49 99.15 
7 8 26.02 
7 9 33.58 
7 10 86.64 
7 11 20.05 
7 12 0.46 
7 13 41.34 
7 14 16.20 
7 15 2.87 
7 16 66.99 
7 17 8.79 
7 18 24.94 
7 19 78.28 
7 20 56.28 
7 21 35.77 
7 22 36.15 
7 23 28.58 
7 24 57.53 
7 25 41.16 
7 26 83.17 
7 27 85.43 
7 28 1.59 
7 29 44.14 
7 30 52.69 
7 31 20.74 
7 32 67.33 
7 33 37.97 
7 34 88.60 
7 35 70.99 
7 36 77.93 
7 37 95.96 
7 38 70.14 
7 39 3.95 
7 40 29.54 
7 41 56.78 
7 42 24.00 
7 43 30.00 
7 44 98.12 
7 45 40.20 
7 46 32.87 
7 47 65.12 
7 48 48.99 
7 49 57.81 
8 9 43.39 
8 10 5.27 
8 11 93.58 
8 12 79.54 
8 13 33.85 
8 14 51.11 
8 15 20.70 
8 16 17.02 
8 17 36.54 
8 18 22.29 
8 19 61.16 
8 20 89.22 
8 21 43.03 
8 22 28.49 
8 23 27.19 
8 24 31.63 
8 25 99.49 
8 26 5.12 
8 27 27.59 
8 28 69.63 
8 29 9.07 
8 30 57.13 
8 31 26.41 
8 32 33.08 
8 33 87.14 
8 34 24.54 
8 35 73.28 
8 36 20.01 
8 37 89.65 
8 38 22.27 
8 39 77.82 
8 40 33.05 
8 41 27.54 
8 42 71.40 
8 43 12.59 
8 44 61.39 
8 45 22.51 
8 46 33.29 
8 47 78.41 
8 48 59.05 
8 49 55.58 
9 10 39.57 
9 11 48.27 
9 12 98.61 
9 13 68.07 
9 14 75.46 
9 15 30.24 
9 16 67.56 
9 17 80.58 
9 18 57.82 
9 19 37.19 
9 20 89.65 
9 21 14.96 
9 22 63.60 
9 23 22.73 
9 24 2.09 
9 25 88.14 
9 26 96.01 
9 27 22.10 
9 28 77.79 
9 29 18.28 
9 30 99.92 
9 31 10.83 
9 32 45.82 
9 33 71.33 
9 34 23.42 
9 35 7.21 
9 36 93.84 
9 37 56.71 
9 38 85.62 
9 39 52.89 
9 40 12.30 
9 41 25.19 
9 42 1.16 
9 43 10.91 
9 44 93.26 
9 45 76.62 
9 46 41.14 
9 47 60.81 
9 48 57.20 
9 49 98.97 
10 11 98.00 
10 12 46.86 
10 13 13.92 
10 14 61.60 
10 15 69.59 
10 16 16.02 
10 17 49.74 
10 18 65.59 
10 19 38.12 
10 20 27.53 
10 21 83.87 
10 22 38.04 
10 23 38.37 
10 24 29.69 
10 25 9.37 
10 26 61.79 
10 27 36.90 
10 28 3.21 
10 29 18.50 
10 30 22.52 
10 31 56.09 
10 32 30.80 
10 33 47.71 
10 34 57.25 
10 35 41.71 
10 36 40.96 
10 37 33.87 
10 38 82.85 
10 39 1.78 
10 40 91.08 
10 41 81.82 
10 42 99.78 
10 43 37.93 
10 44 95.74 
10 45 61.38 
10 46 7.52 
10 47 11.76 
10 48 11.13 
10 49 73.12 
11 12 49.88 
11 13 38.66 
11 14 56.99 
11 15 87.92 
11 16 77.02 
11 17 86.68 
11 18 97.29 
11 19 38.81 
11 20 23.57 
11 21 0.50 
11 22 57.32 
11 23 46.09 
11 24 56.59 
11 25 88.12 
11 26 93.79 
11 27 13.84 
11 28 29.82 
11 29 34.76 
11 30 47.71 
11 31 12.67 
11 32 36.53 
11 33 38.79 
11 34 94.49 
11 35 36.32 
11 36 76.73 
11 37 90.23 
11 38 97.70 
11 39 84.25 
11 40 1.99 
11 41 8.83 
11 42 57.36 
11 43 51.87 
11 44 47.48 
11 45 14.35 
11 46 39.79 
11 47 24.51 
11 48 1.02 
11 49 37.08 
12 13 63.32 
12 14 24.60 
12 15 37.58 
12 16 20.63 
12 17 70.68 
12 18 94.17 
12 19 8.75 
12 20 64.48 
12 21 8.01 
12 22 38.57 
12 23 99.23 
12 24 55.72 
12 25 51.25 
12 26 35.77 
12 27 94.52 
12 28 45.74 
12 29 72.08 
12 30 71.24 
12 31 35.97 
12 32 69.78 
12 33 55.49 
12 34 37.96 
12 35 78.61 
12 36 12.85 
12 37 89.82 
12 38 26.09 
12 39 27.20 
12 40 29.61 
12 41 50.60 
12 42 28.22 
12 43 66.69 
12 44 13.91 
12 45 52.82 
12 46 4.27 
12 47 34.54 
12 48 23.50 
12 49 98.43 
13 14 43.29 
13 15 87.98 
13 16 6.44 
13 17 81.87 
13 18 87.21 
13 19 62.17 
13 20 33.11 
13 21 22.98 
13 22 56.68 
13 23 78.85 
13 24 95.06 
13 25 27.92 
13 26 14.82 
13 27 64.84 
13 28 83.41 
13 29 52.78 
13 30 43.45 
13 31 96.26 
13 32 42.60 
13 33 69.54 
13 34 23.46 
13 35 72.21 
13 36 20.14 
13 37 51.69 
13 38 38.90 
13 39 34.05 
13 40 4.51 
13 41 43.17 
13 42 68.59 
13 43 28.01 
13 44 41.60 
13 45 11.89 
13 46 15.99 
13 47 48.04 
13 48 93.75 
13 49 3.20 
14 15 10.21 
14 16 26.87 
14 17 26.18 
14 18 66.89 
14 19 5.72 
14 20 21.24 
14 21 94.81 
14 22 20.54 
14 23 86.08 
14 24 78.22 
14 25 73.32 
14 26 29.53 
14 27 74.48 
14 28 15.93 
14 29 99.08 
14 30 97.95 
14 31 88.14 
14 32 19.21 
14 33 49.63 
14 34 27.05 
14 35 53.26 
14 36 54.14 
14 37 70.21 
14 38 21.86 
14 39 82.15 
14 40 11.82 
14 41 33.74 
14 42 98.14 
14 43 59.86 
14 44 27.50 
14 45 1.34 
14 46 70.07 
14 47 54.37 
14 48 27.52 
14 49 36.96 
15 16 60.09 
15 17 48.76 
15 18 31.77 
15 19 80.63 
15 20 34.84 
15 21 9.99 
15 22 53.95 
15 23 64.37 
15 24 84.48 
15 25 69.88 
15 26 63.45 
15 27 82.42 
15 28 58.02 
15 29 82.66 
15 30 32.06 
15 31 85.06 
15 32 35.93 
15 33 86.20 
15 34 55.28 
15 35 57.78 
15 36 68.35 
15 37 67.09 
15 38 91.53 
15 39 66.48 
15 40 26.95 
15 41 19.02 
15 42 67.82 
15 43 97.02 
15 44 73.39 
15 45 95.34 
15 46 33.97 
15 47 33.48 
15 48 44.09 
15 49 65.74 
16 17 14.11 
16 18 78.93 
16 19 75.73 
16 20 68.06 
16 21 43.31 
16 22 60.21 
16 23 37.94 
16 24 6.76 
16 25 42.63 
16 26 95.96 
16 27 89.42 
16 28 74.69 
16 29 81.02 
16 30 25.35 
16 31 60.88 
16 32 36.30 
16 33 83.13 
16 34 29.23 
16 35 3.39 
16 36 74.66 
16 37 95.71 
16 38 30.35 
16 39 93.68 
16 40 63.54 
16 41 27.37 
16 42 67.07 
16 43 58.88 
16 44 61.34 
16 45 0.55 
16 46 2.97 
16 47 27.08 
16 48 14.65 
16 49 81.90 
17 18 2.81 
17 19 82.71 
17 20 25.21 
17 21 63.02 
17 22 20.65 
17 23 31.97 
17 24 5.65 
17 25 16.60 
17 26 21.39 
17 27 80.34 
17 28 97.62 
17 29 46.74 
17 30 41.22 
17 31 33.92 
17 32 29.87 
17 33 70.45 
17 34 37.32 
17 35 4.53 
17 36 66.16 
17 37 67.66 
17 38 98.21 
17 39 29.70 
17 40 95.03 
17 41 65.29 
17 42 88.57 
17 43 56.37 
17 44 65.83 
17 45 91.54 
17 46 83.45 
17 47 80.49 
17 48 73.44 
17 49 86.27 
18 19 63.20 
18 20 98.65 
18 21 49.29 
18 22 83.85 
18 23 30.62 
18 24 54.94 
18 25 0.45 
18 26 52.02 
18 27 35.27 
18 28 98.07 
18 29 98.76 
18 30 76.49 
18 31 31.99 
18 32 28.63 
18 33 46.94 
18 34 69.31 
18 35 33.16 
18 36 13.10 
18 37 36.97 
18 38 31.37 
18 39 42.79 
18 40 32.00 
18 41 96.66 
18 42 31.36 
18 43 88.37 
18 44 62.50 
18 45 22.90 
18 46 71.82 
18 47 42.98 
18 48 96.35 
18 49 58.09 
19 20 6.18 
19 21 95.00 
19 22 7.38 
19 23 90.03 
19 24 25.63 
19 25 62.31 
19 26 90.47 
19 27 77.64 
19 28 97.59 
19 29 88.54 
19 30 76.40 
19 31 74.08 
19 32 20.53 
19 33 5.03 
19 34 21.02 
19 35 89.84 
19 36 38.19 
19 37 34.12 
19 38 26.81 
19 39 69.56 
19 40 76.91 
19 41 58.81 
19 42 66.22 
19 43 8.27 
19 44 47.18 
19 45 28.72 
19 46 31.18 
19 47 19.00 
19 48 71.70 
19 49 27.53 
20 21 77.09 
20 22 77.88 
20 23 22.53 
20 24 84.47 
20 25 67.91 
20 26 48.16 
20 27 46.78 
20 28 58.39 
20 29 25.80 
20 30 44.37 
20 31 46.93 
20 32 2.20 
20 33 18.45 
20 34 67.46 
20 35 7.22 
20 36 39.47 
20 37 57.31 
20 38 45.41 
20 39 73.58 
20 40 84.12 
20 41 14.97 
20 42 50.49 
20 43 42.93 
20 44 81.20 
20 45 58.77 
20 46 90.11 
20 47 9.91 
20 48 89.95 
20 49 9.12 
21 22 81.62 
21 23 17.47 
21 24 86.21 
21 25 59.50 
21 26 40.00 
21 27 70.67 
21 28 27.41 
21 29 88.16 
21 30 17.45 
21 31 85.80 
21 32 13.96 
21 33 61.82 
21 34 32.73 
21 35 16.16 
21 36 80.27 
21 37 0.19 
21 38 23.38 
21 39 19.73 
21 40 57.49 
21 41 68.79 
21 42 93.32 
21 43 41.61 
21 44 83.76 
21 45 43.81 
21 46 84.54 
21 47 64.96 
21 48 2.58 
21 49 74.66 
22 23 74.87 
22 24 92.52 
22 25 83.78 
22 26 56.49 
22 27 10.00 
22 28 69.98 
22 29 15.99 
22 30 50.00 
22 31 40.66 
22 32 43.40 
22 33 38.16 
22 34 58.11 
22 35 29.20 
22 36 52.12 
22 37 19.93 
22 38 61.92 
22 39 68.28 
22 40 0.20 
22 41 62.11 
22 42 91.66 
22 43 19.93 
22 44 19.60 
22 45 60.45 
22 46 13.25 
22 47 61.22 
22 48 44.21 
22 49 57.06 
23 24 45.76 
23 25 9.16 
23 26 59.64 
23 27 20.42 
23 28 84.04 
23 29 52.16 
23 30 4.20 
23 31 40.52 
23 32 62.16 
23 33 74.18 
23 34 56.51 
23 35 12.16 
23 36 14.83 
23 37 99.91 
23 38 50.32 
23 39 72.94 
23 40 29.11 
23 41 2.44 
23 42 92.87 
23 43 91.03 
23 44 70.72 
23 45 93.07 
23 46 53.14 
23 47 62.37 
23 48 13.00 
23 49 72.74 
24 25 22.82 
24 26 26.25 
24 27 33.96 
24 28 67.03 
24 29 83.30 
24 30 79.72 
24 31 76.19 
24 32 42.94 
24 33 0.14 
24 34 60.23 
24 35 95.10 
24 36 4.34 
24 37 0.75 
24 38 57.26 
24 39 78.52 
24 40 57.26 
24 41 69.42 
24 42 93.35 
24 43 57.18 
24 44 19.74 
24 45 66.29 
24 46 86.28 
24 47 22.18 
24 48 59.17 
24 49 77.31 
25 26 92.89 
25 27 52.24 
25 28 30.45 
25 29 55.27 
25 30 65.23 
25 31 3.19 
25 32 78.09 
25 33 91.48 
25 34 37.15 
25 35 45.12 
25 36 74.79 
25 37 16.87 
25 38 21.31 
25 39 17.73 
25 40 17.02 
25 41 81.54 
25 42 12.83 
25 43 21.36 
25 44 82.29 
25 45 70.08 
25 46 99.87 
25 47 39.55 
25 48 39.50 
25 49 93.22 
26 27 96.73 
26 28 59.23 
26 29 59.52 
26 30 83.01 
26 31 81.41 
26 32 18.69 
26 33 60.32 
26 34 74.30 
26 35 70.92 
26 36 90.77 
26 37 29.57 
26 38 36.16 
26 39 93.97 
26 40 7.66 
26 41 27.64 
26 42 31.12 
26 43 52.78 
26 44 2.42 
26 45 47.99 
26 46 74.08 
26 47 20.15 
26 48 65.01 
26 49 55.62 
27 28 32.97 
27 29 86.36 
27 30 37.91 
27 31 3.05 
27 32 86.24 
27 33 77.47 
27 34 42.55 
27 35 79.46 
27 36 74.20 
27 37 1.78 
27 38 38.98 
27 39 57.21 
27 40 83.19 
27 41 57.67 
27 42 17.53 
27 43 57.49 
27 44 28.59 
27 45 8.31 
27 46 87.06 
27 47 64.74 
27 48 2.27 
27 49 94.72 
28 29 92.38 
28 30 33.39 
28 31 47.50 
28 32 94.80 
28 33 81.38 
28 34 21.58 
28 35 14.95 
28 36 46.39 
28 37 77.20 
28 38 47.92 
28 39 32.76 
28 40 15.12 
28 41 50.97 
28 42 19.00 
28 43 92.58 
28 44 93.52 
28 45 98.46 
28 46 66.78 
28 47 95.30 
28 48 37.44 
28 49 23.99 
29 30 78.49 
29 31 95.11 
29 32 41.52 
29 33 35.99 
29 34 23.69 
29 35 49.83 
29 36 23.05 
29 37 88.44 
29 38 52.11 
29 39 17.77 
29 40 80.81 
29 41 85.50 
29 42 65.27 
29 43 75.61 
29 44 66.88 
29 45 86.85 
29 46 90.56 
29 47 13.27 
29 48 64.05 
29 49 38.48 
30 31 46.03 
30 32 79.17 
30 33 89.45 
30 34 65.03 
30 35 71.75 
30 36 82.97 
30 37 63.48 
30 38 38.53 
30 39 78.27 
30 40 0.92 
30 41 62.52 
30 42 56.76 
30 43 96.03 
30 44 4.05 
30 45 92.75 
30 46 19.72 
30 47 53.88 
30 48 15.80 
30 49 8.16 
31 32 5.99 
31 33 33.57 
31 34 88.97 
31 35 91.48 
31 36 98.84 
31 37 64.58 
31 38 58.36 
31 39 85.69 
31 40 55.14 
31 41 71.64 
31 42 49.74 
31 43 93.62 
31 44 17.67 
31 45 28.91 
31 46 83.06 
31 47 82.70 
31 48 0.66 
31 49 66.03 
32 33 46.18 
32 34 39.19 
32 35 44.30 
32 36 47.11 
32 37 1.71 
32 38 1.06 
32 39 43.13 
32 40 5.76 
32 41 93.81 
32 42 62.85 
32 43 59.64 
32 44 9.61 
32 45 71.01 
32 46 65.62 
32 47 43.18 
32 48 59.98 
32 49 57.11 
33 34 42.01 
33 35 24.57 
33 36 15.47 
33 37 27.70 
33 38 79.71 
33 39 87.11 
33 40 77.44 
33 41 73.33 
33 42 4.78 
33 43 6.35 
33 44 56.39 
33 45 87.48 
33 46 7.01 
33 47 22.42 
33 48 33.66 
33 49 46.20 
34 35 66.72 
34 36 80.77 
34 37 47.91 
34 38 67.78 
34 39 23.90 
34 40 53.67 
34 41 61.59 
34 42 86.75 
34 43 13.30 
34 44 71.20 
34 45 57.76 
34 46 78.93 
34 47 14.38 
34 48 17.74 
34 49 36.03 
35 36 56.39 
35 37 42.31 
35 38 51.50 
35 39 84.09 
35 40 22.02 
35 41 38.61 
35 42 61.53 
35 43 95.35 
35 44 43.39 
35 45 67.87 
35 46 51.74 
35 47 30.87 
35 48 74.88 
35 49 74.16 
36 37 64.53 
36 38 21.07 
36 39 40.88 
36 40 45.30 
36 41 68.98 
36 42 8.67 
36 43 69.20 
36 44 22.65 
36 45 70.26 
36 46 55.96 
36 47 35.95 
36 48 41.46 
36 49 13.72 
37 38 14.88 
37 39 55.83 
37 40 31.47 
37 41 50.91 
37 42 12.22 
37 43 73.78 
37 44 2.42 
37 45 96.31 
37 46 95.79 
37 47 41.03 
37 48 57.84 
37 49 91.14 
38 39 84.43 
38 40 25.71 
38 41 42.88 
38 42 15.30 
38 43 0.59 
38 44 17.04 
38 45 79.83 
38 46 21.67 
38 47 57.93 
38 48 25.14 
38 49 90.65 
39 40 66.59 
39 41 94.34 
39 42 13.30 
39 43 36.85 
39 44 50.29 
39 45 49.25 
39 46 78.31 
39 47 64.01 
39 48 64.14 
39 49 34.14 
40 41 95.48 
40 42 15.05 
40 43 46.37 
40 44 69.25 
40 45 17.47 
40 46 42.68 
40 47 65.05 
40 48 58.50 
40 49 0.52 
41 42 56.19 
41 43 42.93 
41 44 26.23 
41 45 99.07 
41 46 58.23 
41 47 26.83 
41 48 16.11 
41 49 38.06 
42 43 48.49 
42 44 74.03 
42 45 63.20 
42 46 39.14 
42 47 40.63 
42 48 57.53 
42 49 52.44 
43 44 77.48 
43 45 7.83 
43 46 1.70 
43 47 55.79 
43 48 71.84 
43 49 65.83 
44 45 89.93 
44 46 67.32 
44 47 80.88 
44 48 36.30 
44 49 36.58 
45 46 98.35 
45 47 78.98 
45 48 1.63 
45 49 56.85 
46 47 79.50 
46 48 57.82 
46 49 99.78 
47 48 5.74 
47 49 56.88 
48 49 58.01 

