0 1 44.57 
0 2 37.47 
0 3 69.87 
0 4 17.84 
0 5 34.49 
0 6 50.06 
0 7 19.63 
0 8 61.88 
0 9 89.50 
0 10 24.57 
0 11 89.81 
0 12 30.29 
0 13 61.03 
0 14 13.03 
0 15 76.50 
0 16 72.27 
0 17 36.73 
0 18 57.45 
0 19 59.73 
0 20 22.96 
0 21 41.86 
0 22 83.32 
0 23 99.12 
0 24 50.81 
0 25 85.06 
0 26 57.66 
0 27 85.54 
0 28 46.51 
0 29 23.03 
0 30 41.80 
0 31 21.42 
0 32 67.60 
0 33 79.27 
0 34 91.29 
0 35 85.44 
0 36 13.76 
0 37 41.35 
0 38 5.07 
0 39 75.64 
0 40 30.85 
0 41 29.64 
0 42 65.45 
0 43 61.14 
0 44 90.67 
0 45 78.48 
0 46 37.64 
0 47 62.94 
0 48 15.21 
0 49 95.09 
1 2 22.67 
1 3 38.17 
1 4 36.95 
1 5 6.00 
1 6 37.29 
1 7 87.76 
1 8 91.06 
1 9 94.95 
1 10 73.30 
1 11 37.57 
1 12 17.98 
1 13 15.10 
1 14 58.99 
1 15 85.58 
1 16 94.37 
1 17 50.29 
1 18 71.01 
1 19 8.13 
1 20 91.64 
1 21 76.08 
1 22 83.77 
1 23 22.49 
1 24 5.72 
1 25 49.22 
1 26 83.63 
1 27 96.39 
1 28 27.69 
1 29 21.27 
1 30 59.33 
1 31 42.90 
1 32 16.35 
1 33 82.01 
1 34 81.08 
1 35 53.30 
1 36 88.00 
1 37 18.37 
1 38 41.06 
1 39 79.07 
1 40 13.32 
1 41 14.36 
1 42 16.64 
1 43 31.30 
1 44 29.45 
1 45 75.64 
1 46 16.88 
1 47 23.82 
1 48 25.92 
1 49 87.89 
2 3 31.95 
2 4 17.56 
2 5 63.97 
2 6 15.71 
2 7 40.04 
2 8 69.70 
2 9 64.93 
2 10 23.67 
2 11 66.09 
2 12 92.62 
2 13 44.94 
2 14 25.42 
2 15 35.53 
2 16 61.29 
2 17 7.43 
2 18 16.60 
2 19 14.59 
2 20 95.44 
2 21 34.97 
2 22 55.65 
2 23 74.50 
2 24 48.29 
2 25 70.00 
2 26 91.14 
2 27 79.60 
2 28 99.46 
2 29 66.78 
2 30 96.48 
2 31 23.28 
2 32 92.70 
2 33 84.37 
2 34 55.23 
2 35 10.26 
2 36 48.34 
2 37 70.94 
2 38 50.30 
2 39 18.04 
2 40 35.87 
2 41 73.97 
2 42 84.13 
2 43 28.49 
2 44 18.91 
2 45 9.55 
2 46 64.02 
2 47 80.20 
2 48 16.98 
2 49 80.62 
3 4 94.79 
3 5 12.42 
3 6 15.60 
3 7 50.44 
3 8 86.92 
3 9 63.89 
3 10 20.45 
3 11 78.06 
3 12 43.49 
3 13 19.90 
3 14 44.84 
3 15 39.96 
3 16 43.18 
3 17 37.54 
3 18 24.33 
3 19 98.41 
3 20 47.80 
3 21 72.68 
3 22 69.35 
3 23 98.10 
3 24 90.72 
3 25 5.22 
3 26 72.08 
3 27 74.85 
3 28 33.71 
3 29 90.99 
3 30 84.40 
3 31 97.73 
3 32 71.19 
3 33 1.39 
3 34 78.35 
3 35 65.98 
3 36 13.81 
3 37 93.95 
3 38 16.43 
3 39 0.73 
3 40 57.84 
3 41 36.87 
3 42 78.79 
3 43 1.33 
3 44 56.78 
3 45 23.63 
3 46 41.29 
3 47 99.96 
3 48 61.17 
3 49 65.62 
4 5 98.37 
4 6 8.97 
4 7 38.30 
4 8 67.71 
4 9 7.08 
4 10 29.02 
4 11 72.93 
4 12 79.16 
4 13 3.87 
4 14 6.64 
4 15 70.14 
4 16 88.27 
4 17 4.37 
4 18 41.34 
4 19 89.66 
4 20 82.72 
4 21 7.32 
4 22 3.47 
4 23 76.67 
4 24 23.75 
4 25 4.20 
4 26 34.51 
4 27 60.62 
4 28 82.99 
4 29 35.84 
4 30 17.40 
4 31 6.62 
4 32 77.13 
4 33 17.36 
4 34 67.80 
4 35 42.75 
4 36 15.72 
4 37 76.77 
4 38 81.05 
4 39 83.44 
4 40 83.85 
4 41 10.07 
4 42 56.37 
4 43 63.01 
4 44 13.94 
4 45 63.00 
4 46 33.15 
4 47 2.21 
4 48 67.37 
4 49 74.49 
5 6 91.88 
5 7 50.10 
5 8 81.81 
5 9 95.35 
5 10 26.77 
5 11 5.55 
5 12 99.54 
5 13 61.28 
5 14 66.17 
5 15 82.53 
5 16 97.12 
5 17 83.57 
5 18 89.16 
5 19 74.25 
5 20 0.92 
5 21 56.96 
5 22 17.00 
5 23 16.65 
5 24 33.73 
5 25 98.05 
5 26 0.08 
5 27 17.58 
5 28 8.12 
5 29 56.45 
5 30 80.59 
5 31 22.06 
5 32 19.45 
5 33 13.74 
5 34 24.27 
5 35 86.83 
5 36 88.23 
5 37 16.15 
5 38 36.92 
5 39 70.03 
5 40 11.49 
5 41 63.70 
5 42 75.59 
5 43 11.04 
5 44 24.98 
5 45 41.76 
5 46 93.57 
5 47 22.10 
5 48 25.33 
5 49 82.73 
6 7 96.35 
6 8 26.25 
6 9 39.69 
6 10 13.35 
6 11 42.90 
6 12 73.42 
6 13 11.40 
6 14 42.98 
6 15 91.00 
6 16 19.52 
6 17 99.43 
6 18 71.58 
6 19 41.58 
6 20 18.88 
6 21 85.32 
6 22 65.85 
6 23 5.71 
6 24 73.55 
6 25 82.00 
6 26 42.63 
6 27 43.58 
6 28 93.49 
6 29 6.33 
6 30 19.17 
6 31 4.53 
6 32 31.31 
6 33 60.93 
6 34 98.10 
6 35 53.41 
6 36 86.25 
6 37 80.83 
6 38 49.76 
6 39 12.50 
6 40 20.51 
6 41 63.12 
6 42 55.40 
6 43 93.93 
6 44 74.52 
6 45 98.38 
6 46 84.93 
6 47 94.04 
6 48 97.81 
6 49 56.51 
7 8 35.62 
7 9 16.69 
7 10 41.83 
7 11 1.47 
7 12 22.40 
7 13 15.38 
7 14 83.46 
7 15 65.03 
7 16 58.96 
7 17 76.95 
7 18 71.36 
7 19 78.13 
7 20 81.48 
7 21 2.66 
7 22 39.05 
7 23 79.57 
7 24 56.07 
7 25 25.31 
7 26 60.40 
7 27 5.84 
7 28 37.81 
7 29 80.91 
7 30 68.96 
7 31 93.21 
7 32 74.84 
7 33 43.48 
7 34 91.59 
7 35 59.77 
7 36 37.52 
7 37 89.40 
7 38 16.28 
7 39 73.13 
7 40 6.09 
7 41 58.11 
7 42 74.60 
7 43 28.49 
7 44 73.49 
7 45 58.06 
7 46 93.52 
7 47 32.45 
7 48 35.01 
7 49 64.88 
8 9 10.58 
8 10 16.49 
8 11 67.54 
8 12 49.63 
8 13 96.06 
8 14 23.62 
8 15 74.94 
8 16 56.46 
8 17 29.45 
8 18 12.75 
8 19 37.38 
8 20 98.41 
8 21 5.96 
8 22 12.22 
8 23 41.89 
8 24 97.56 
8 25 71.99 
8 26 79.40 
8 27 86.96 
8 28 88.27 
8 29 52.54 
8 30 93.05 
8 31 46.38 
8 32 27.14 
8 33 21.54 
8 34 19.87 
8 35 85.20 
8 36 15.06 
8 37 52.32 
8 38 20.21 
8 39 79.94 
8 40 62.90 
8 41 36.70 
8 42 47.48 
8 43 12.53 
8 44 32.77 
8 45 71.09 
8 46 87.47 
8 47 89.23 
8 48 0.55 
8 49 0.23 
9 10 26.61 
9 11 98.96 
9 12 6.19 
9 13 38.83 
9 14 40.85 
9 15 3.75 
9 16 10.82 
9 17 20.25 
9 18 90.70 
9 19 99.08 
9 20 72.78 
9 21 83.75 
9 22 45.46 
9 23 99.92 
9 24 5.29 
9 25 65.32 
9 26 85.12 
9 27 20.35 
9 28 17.64 
9 29 5.33 
9 30 0.29 
9 31 80.54 
9 32 42.04 
9 33 47.77 
9 34 93.07 
9 35 74.80 
9 36 18.86 
9 37 80.55 
9 38 64.03 
9 39 19.41 
9 40 80.77 
9 41 90.64 
9 42 18.37 
9 43 86.97 
9 44 29.47 
9 45 59.21 
9 46 90.71 
9 47 40.29 
9 48 79.46 
9 49 81.42 
10 11 39.37 
10 12 52.25 
10 13 65.17 
10 14 84.83 
10 15 52.17 
10 16 70.46 
10 17 50.16 
10 18 37.29 
10 19 90.81 
10 20 67.80 
10 21 42.62 
10 22 91.10 
10 23 48.34 
10 24 84.65 
10 25 38.87 
10 26 41.41 
10 27 59.46 
10 28 57.73 
10 29 21.96 
10 30 23.49 
10 31 77.13 
10 32 2.73 
10 33 14.14 
10 34 95.50 
10 35 89.70 
10 36 43.61 
10 37 54.71 
10 38 80.41 
10 39 83.90 
10 40 34.18 
10 41 61.83 
10 42 23.27 
10 43 86.43 
10 44 27.00 
10 45 8.10 
10 46 38.59 
10 47 97.46 
10 48 58.26 
10 49 75.88 
11 12 88.28 
11 13 26.05 
11 14 18.50 
11 15 79.38 
11 16 74.39 
11 17 3.15 
11 18 18.24 
11 19 15.80 
11 20 62.61 
11 21 75.97 
11 22 37.76 
11 23 86.10 
11 24 53.10 
11 25 40.49 
11 26 0.24 
11 27 48.60 
11 28 30.19 
11 29 43.85 
11 30 3.32 
11 31 10.60 
11 32 27.74 
11 33 37.50 
11 34 72.43 
11 35 51.01 
11 36 23.92 
11 37 99.43 
11 38 59.11 
11 39 62.51 
11 40 96.89 
11 41 17.37 
11 42 38.39 
11 43 85.17 
11 44 43.42 
11 45 56.89 
11 46 64.55 
11 47 17.82 
11 48 60.05 
11 49 82.79 
12 13 33.62 
12 14 22.66 
12 15 58.76 
12 16 71.38 
12 17 8.76 
12 18 11.86 
12 19 11.87 
12 20 9.00 
12 21 60.47 
12 22 42.05 
12 23 52.85 
12 24 63.78 
12 25 52.65 
12 26 80.59 
12 27 1.28 
12 28 25.08 
12 29 31.60 
12 30 25.20 
12 31 24.51 
12 32 90.72 
12 33 87.71 
12 34 21.41 
12 35 8.08 
12 36 26.11 
12 37 6.58 
12 38 51.51 
12 39 83.00 
12 40 71.13 
12 41 69.32 
12 42 43.05 
12 43 53.92 
12 44 2.94 
12 45 65.71 
12 46 12.68 
12 47 74.32 
12 48 74.47 
12 49 24.54 
13 14 86.18 
13 15 83.47 
13 16 85.01 
13 17 28.24 
13 18 36.31 
13 19 48.79 
13 20 80.89 
13 21 16.90 
13 22 50.07 
13 23 5.98 
13 24 48.50 
13 25 75.27 
13 26 30.49 
13 27 39.22 
13 28 62.99 
13 29 51.90 
13 30 47.30 
13 31 89.10 
13 32 58.47 
13 33 98.81 
13 34 72.10 
13 35 29.60 
13 36 68.13 
13 37 15.15 
13 38 83.52 
13 39 71.07 
13 40 80.85 
13 41 96.20 
13 42 45.39 
13 43 55.32 
13 44 20.74 
13 45 31.58 
13 46 38.79 
13 47 5.75 
13 48 59.81 
13 49 75.10 
14 15 54.54 
14 16 40.71 
14 17 92.00 
14 18 4.61 
14 19 46.68 
14 20 40.50 
14 21 79.89 
14 22 77.17 
14 23 79.72 
14 24 42.87 
14 25 29.07 
14 26 27.03 
14 27 31.97 
14 28 87.54 
14 29 25.84 
14 30 4.07 
14 31 17.14 
14 32 93.97 
14 33 19.21 
14 34 0.66 
14 35 65.04 
14 36 0.06 
14 37 96.85 
14 38 10.44 
14 39 55.38 
14 40 17.59 
14 41 42.01 
14 42 94.17 
14 43 23.34 
14 44 1.83 
14 45 69.27 
14 46 77.88 
14 47 42.53 
14 48 61.27 
14 49 82.49 
15 16 89.22 
15 17 1.78 
15 18 62.38 
15 19 66.39 
15 20 81.50 
15 21 5.25 
15 22 95.46 
15 23 8.53 
15 24 37.22 
15 25 83.00 
15 26 34.36 
15 27 41.29 
15 28 0.14 
15 29 28.33 
15 30 60.50 
15 31 0.79 
15 32 93.38 
15 33 60.56 
15 34 97.64 
15 35 3.81 
15 36 15.95 
15 37 15.23 
15 38 45.83 
15 39 10.12 
15 40 38.57 
15 41 47.65 
15 42 79.39 
15 43 16.45 
15 44 90.19 
15 45 40.66 
15 46 98.94 
15 47 79.40 
15 48 42.44 
15 49 61.31 
16 17 45.79 
16 18 23.94 
16 19 66.56 
16 20 41.25 
16 21 32.46 
16 22 3.78 
16 23 24.25 
16 24 66.82 
16 25 45.07 
16 26 24.38 
16 27 95.16 
16 28 5.57 
16 29 25.17 
16 30 88.54 
16 31 66.13 
16 32 22.82 
16 33 92.35 
16 34 82.07 
16 35 38.05 
16 36 38.18 
16 37 92.19 
16 38 76.62 
16 39 85.83 
16 40 71.58 
16 41 93.07 
16 42 76.01 
16 43 12.24 
16 44 92.01 
16 45 55.42 
16 46 54.68 
16 47 53.32 
16 48 1.21 
16 49 78.62 
17 18 19.88 
17 19 42.46 
17 20 11.08 
17 21 23.67 
17 22 66.71 
17 23 77.90 
17 24 68.73 
17 25 91.09 
17 26 73.06 
17 27 74.30 
17 28 16.26 
17 29 61.59 
17 30 40.43 
17 31 39.08 
17 32 53.94 
17 33 22.50 
17 34 77.13 
17 35 92.12 
17 36 14.70 
17 37 53.74 
17 38 77.95 
17 39 86.28 
17 40 46.81 
17 41 53.96 
17 42 98.52 
17 43 38.82 
17 44 9.38 
17 45 53.21 
17 46 92.14 
17 47 10.59 
17 48 31.82 
17 49 12.02 
18 19 53.05 
18 20 42.90 
18 21 35.69 
18 22 19.75 
18 23 20.80 
18 24 4.42 
18 25 10.84 
18 26 93.85 
18 27 78.72 
18 28 27.10 
18 29 55.45 
18 30 19.15 
18 31 66.18 
18 32 9.39 
18 33 41.65 
18 34 43.30 
18 35 1.51 
18 36 56.35 
18 37 97.05 
18 38 79.46 
18 39 42.63 
18 40 43.86 
18 41 33.42 
18 42 41.16 
18 43 82.68 
18 44 42.79 
18 45 94.36 
18 46 74.81 
18 47 53.38 
18 48 26.18 
18 49 86.83 
19 20 6.43 
19 21 69.08 
19 22 22.52 
19 23 26.18 
19 24 89.88 
19 25 26.94 
19 26 37.02 
19 27 83.73 
19 28 5.66 
19 29 64.13 
19 30 39.17 
19 31 24.81 
19 32 30.30 
19 33 48.56 
19 34 66.47 
19 35 73.61 
19 36 50.07 
19 37 22.82 
19 38 70.66 
19 39 29.53 
19 40 65.45 
19 41 14.52 
19 42 62.94 
19 43 6.61 
19 44 97.20 
19 45 5.73 
19 46 0.97 
19 47 72.01 
19 48 59.12 
19 49 27.15 
20 21 58.84 
20 22 65.54 
20 23 96.23 
20 24 81.36 
20 25 91.73 
20 26 86.11 
20 27 8.30 
20 28 28.75 
20 29 69.83 
20 30 13.96 
20 31 92.87 
20 32 9.01 
20 33 38.77 
20 34 23.18 
20 35 57.57 
20 36 5.24 
20 37 96.79 
20 38 7.64 
20 39 28.05 
20 40 67.45 
20 41 37.17 
20 42 93.50 
20 43 81.96 
20 44 0.11 
20 45 0.11 
20 46 79.16 
20 47 5.84 
20 48 1.08 
20 49 51.17 
21 22 64.96 
21 23 28.23 
21 24 10.01 
21 25 30.50 
21 26 24.46 
21 27 91.37 
21 28 22.23 
21 29 10.57 
21 30 99.67 
21 31 50.97 
21 32 80.40 
21 33 13.63 
21 34 43.85 
21 35 89.41 
21 36 52.40 
21 37 67.03 
21 38 46.98 
21 39 57.64 
21 40 63.81 
21 41 54.62 
21 42 85.69 
21 43 31.26 
21 44 91.79 
21 45 79.20 
21 46 13.22 
21 47 91.89 
21 48 79.31 
21 49 92.38 
22 23 97.73 
22 24 80.39 
22 25 43.55 
22 26 62.69 
22 27 8.62 
22 28 53.56 
22 29 93.19 
22 30 33.08 
22 31 44.93 
22 32 15.42 
22 33 43.65 
22 34 44.60 
22 35 66.39 
22 36 24.05 
22 37 58.24 
22 38 10.24 
22 39 13.46 
22 40 10.64 
22 41 77.27 
22 42 60.44 
22 43 68.28 
22 44 41.08 
22 45 15.06 
22 46 53.97 
22 47 72.34 
22 48 6.85 
22 49 33.17 
23 24 85.56 
23 25 98.74 
23 26 12.48 
23 27 77.94 
23 28 96.48 
23 29 92.87 
23 30 21.49 
23 31 59.17 
23 32 1.48 
23 33 75.06 
23 34 52.36 
23 35 34.56 
23 36 19.99 
23 37 67.78 
23 38 78.21 
23 39 64.60 
23 40 34.18 
23 41 2.26 
23 42 22.83 
23 43 44.42 
23 44 15.72 
23 45 33.47 
23 46 21.68 
23 47 76.16 
23 48 1.75 
23 49 62.76 
24 25 91.22 
24 26 55.72 
24 27 35.10 
24 28 98.07 
24 29 88.89 
24 30 20.66 
24 31 96.82 
24 32 1.36 
24 33 98.60 
24 34 93.30 
24 35 94.23 
24 36 20.10 
24 37 52.47 
24 38 95.72 
24 39 95.16 
24 40 4.83 
24 41 30.28 
24 42 15.15 
24 43 72.61 
24 44 8.49 
24 45 79.74 
24 46 6.79 
24 47 10.75 
24 48 2.57 
24 49 51.21 
25 26 26.47 
25 27 36.04 
25 28 72.89 
25 29 2.63 
25 30 37.79 
25 31 35.66 
25 32 93.86 
25 33 93.50 
25 34 70.76 
25 35 91.93 
25 36 82.39 
25 37 91.42 
25 38 88.75 
25 39 83.76 
25 40 90.02 
25 41 82.04 
25 42 77.99 
25 43 10.12 
25 44 34.51 
25 45 73.70 
25 46 5.28 
25 47 39.34 
25 48 3.98 
25 49 20.42 
26 27 11.96 
26 28 12.47 
26 29 0.16 
26 30 18.75 
26 31 23.22 
26 32 2.74 
26 33 69.96 
26 34 49.69 
26 35 38.78 
26 36 42.85 
26 37 52.32 
26 38 76.56 
26 39 78.51 
26 40 46.18 
26 41 70.07 
26 42 49.27 
26 43 38.11 
26 44 52.46 
26 45 40.69 
26 46 26.86 
26 47 36.21 
26 48 30.71 
26 49 8.90 
27 28 14.20 
27 29 40.84 
27 30 43.41 
27 31 87.90 
27 32 46.11 
27 33 82.76 
27 34 91.88 
27 35 66.54 
27 36 94.71 
27 37 4.35 
27 38 66.70 
27 39 13.46 
27 40 27.57 
27 41 69.44 
27 42 83.42 
27 43 77.26 
27 44 8.22 
27 45 26.27 
27 46 29.58 
27 47 84.78 
27 48 4.78 
27 49 75.76 
28 29 54.85 
28 30 54.05 
28 31 13.87 
28 32 7.31 
28 33 94.74 
28 34 40.72 
28 35 43.52 
28 36 25.46 
28 37 49.63 
28 38 57.73 
28 39 66.29 
28 40 93.04 
28 41 45.63 
28 42 12.41 
28 43 75.80 
28 44 37.51 
28 45 78.94 
28 46 70.51 
28 47 41.86 
28 48 45.64 
28 49 83.97 
29 30 69.43 
29 31 15.08 
29 32 67.39 
29 33 46.69 
29 34 23.30 
29 35 93.67 
29 36 76.28 
29 37 8.08 
29 38 98.45 
29 39 52.04 
29 40 62.93 
29 41 52.50 
29 42 65.90 
29 43 70.24 
29 44 47.25 
29 45 6.63 
29 46 13.76 
29 47 72.70 
29 48 56.25 
29 49 71.49 
30 31 39.00 
30 32 49.29 
30 33 17.12 
30 34 51.40 
30 35 25.09 
30 36 54.62 
30 37 30.34 
30 38 95.60 
30 39 96.48 
30 40 75.99 
30 41 79.57 
30 42 65.92 
30 43 91.07 
30 44 46.96 
30 45 12.61 
30 46 14.37 
30 47 40.63 
30 48 88.89 
30 49 22.45 
31 32 39.08 
31 33 40.92 
31 34 85.38 
31 35 91.59 
31 36 6.82 
31 37 55.62 
31 38 38.84 
31 39 13.45 
31 40 69.38 
31 41 11.54 
31 42 69.71 
31 43 40.87 
31 44 50.54 
31 45 19.00 
31 46 57.98 
31 47 1.94 
31 48 44.09 
31 49 12.61 
32 33 32.28 
32 34 39.69 
32 35 9.09 
32 36 8.27 
32 37 19.26 
32 38 75.01 
32 39 99.34 
32 40 66.22 
32 41 87.62 
32 42 13.71 
32 43 6.85 
32 44 76.50 
32 45 36.15 
32 46 45.94 
32 47 17.42 
32 48 21.53 
32 49 37.53 
33 34 24.25 
33 35 77.14 
33 36 76.36 
33 37 37.70 
33 38 46.52 
33 39 87.90 
33 40 7.41 
33 41 87.39 
33 42 38.44 
33 43 26.41 
33 44 45.37 
33 45 40.38 
33 46 70.49 
33 47 57.98 
33 48 72.66 
33 49 10.18 
34 35 67.07 
34 36 80.93 
34 37 29.44 
34 38 42.08 
34 39 80.27 
34 40 95.66 
34 41 29.69 
34 42 93.97 
34 43 2.51 
34 44 6.20 
34 45 30.13 
34 46 48.45 
34 47 23.62 
34 48 51.65 
34 49 85.97 
35 36 47.87 
35 37 28.80 
35 38 62.34 
35 39 85.57 
35 40 75.32 
35 41 50.24 
35 42 92.98 
35 43 62.71 
35 44 88.68 
35 45 19.38 
35 46 8.08 
35 47 29.06 
35 48 89.88 
35 49 66.06 
36 37 1.72 
36 38 0.06 
36 39 33.12 
36 40 82.65 
36 41 29.49 
36 42 75.20 
36 43 62.92 
36 44 25.15 
36 45 4.90 
36 46 56.90 
36 47 27.66 
36 48 11.09 
36 49 87.02 
37 38 76.11 
37 39 34.72 
37 40 38.68 
37 41 62.08 
37 42 82.59 
37 43 67.48 
37 44 24.42 
37 45 68.16 
37 46 42.80 
37 47 74.66 
37 48 61.13 
37 49 5.51 
38 39 63.35 
38 40 80.51 
38 41 13.58 
38 42 92.41 
38 43 70.39 
38 44 79.64 
38 45 94.13 
38 46 70.44 
38 47 12.77 
38 48 76.78 
38 49 99.94 
39 40 87.97 
39 41 39.70 
39 42 25.09 
39 43 92.86 
39 44 96.60 
39 45 52.75 
39 46 3.96 
39 47 83.62 
39 48 28.85 
39 49 38.67 
40 41 22.30 
40 42 90.94 
40 43 21.26 
40 44 89.78 
40 45 15.36 
40 46 89.41 
40 47 32.58 
40 48 90.02 
40 49 50.54 
41 42 38.08 
41 43 53.37 
41 44 31.06 
41 45 51.67 
41 46 45.77 
41 47 1.45 
41 48 31.31 
41 49 39.90 
42 43 71.89 
42 44 44.07 
42 45 16.68 
42 46 71.83 
42 47 32.04 
42 48 56.39 
42 49 96.91 
43 44 24.90 
43 45 52.99 
43 46 49.66 
43 47 28.86 
43 48 36.61 
43 49 78.51 
44 45 67.53 
44 46 58.92 
44 47 69.45 
44 48 88.79 
44 49 48.70 
45 46 84.81 
45 47 78.20 
45 48 81.27 
45 49 74.83 
46 47 28.74 
46 48 19.36 
46 49 28.19 
47 48 59.80 
47 49 71.02 
48 49 73.96 

